gauge	istat	jstat
01001	326	295
02001	301	333
02002	289	346
03001	258	343
03002	249	359
03003	240	350
03004	248	348
03005	258	353
03006	232	340
03803	255	333
04001	248	396
04002	257	383
04003	265	380
04004	245	393
04005	229	398
04006	220	391
04007	240	389
04009	250	392
04010	223	399
04011	221	399
05001	243	410
05002	241	410
05003	235	419
05004	232	422
05802	233	411
06001	264	410
06003	242	434
06004	231	450
06006	238	433
06007	265	408
06008	245	420
06009	241	433
06010	229	450
06011	239	443
06012	239	420
06013	268	406
07001	282	418
07002	302	392
07003	321	387
07004	289	396
07005	301	402
07006	314	402
07007	315	393
07008	269	416
07009	304	396
07010	299	393
07011	314	393
07804	305	393
08001	328	407
08002	289	442
08003	276	451
08004	319	415
08005	295	432
08006	332	400
08007	270	453
08008	279	451
08009	298	426
08010	305	424
08011	321	421
08013	286	447
08015	337	411
08016	319	432
08018	317	433
08019	316	434
08021	303	435
08807	263	457
09001	354	405
09002	370	401
09003	349	399
09004	353	413
09005	339	421
09006	351	385
09007	362	405
09008	361	386
09009	373	401
09010	352	410
10001	393	419
10002	410	402
10003	395	420
10031	400	404
11001	389	436
11002	376	430
11003	357	433
11004	372	425
11005	337	438
11006	333	441
11801	377	428
12001	364	455
12002	380	452
12003	335	454
12004	333	455
12005	336	457
12006	335	452
12007	311	461
12008	369	458
12009	362	468
12010	353	451
13001	382	477
13002	366	483
13003	360	491
13004	339	492
13005	366	501
13007	369	485
13008	361	491
13009	360	482
13010	364	508
13012	338	486
13801	364	509
13802	364	485
14001	343	534
14002	349	519
14005	344	529
14006	357	514
14010	339	529
15001	319	485
15003	310	511
15004	329	494
15005	327	494
15006	314	515
15007	292	497
15008	335	502
15010	331	503
15011	278	502
15012	295	493
15013	306	524
15014	305	487
15015	289	519
15016	278	505
15017	298	510
15018	254	506
15021	318	510
15023	301	509
15024	256	519
15025	318	503
15028	309	519
15029	325	502
15032	307	517
15034	290	487
15035	268	492
15038	250	494
15039	291	479
15041	262	503
15045	294	493
15809	323	490
16001	293	534
16002	275	529
16003	277	529
16004	304	532
16007	298	534
17001	284	569
17002	338	550
17003	283	570
17004	333	551
17005	296	571
17006	278	566
17008	312	549
17014	318	551
17015	312	546
17806	318	551
18001	281	544
18002	287	554
18003	273	549
18005	279	551
18007	301	548
18008	259	540
18010	271	554
18012	274	549
18013	293	558
18014	281	561
18015	261	544
18022	250	549
19001	318	575
19002	300	585
19003	301	587
19004	325	589
19005	310	581
19006	324	577
19007	334	579
19008	333	588
19010	327	580
19011	333	583
19012	321	582
19014	311	578
19017	317	577
19020	295	585
19021	335	582
20001	359	574
20002	350	570
20003	346	582
20004	361	569
20005	347	582
20006	365	574
20007	352	580
20806	364	573
20807	369	577
21001	309	630
21002	366	587
21003	327	611
21005	321	611
21006	350	617
21007	348	620
21008	371	622
21009	391	602
21010	359	618
21011	343	622
21012	352	635
21013	348	613
21014	312	623
21015	357	611
21016	394	587
21017	324	638
21018	321	610
21019	322	614
21020	331	626
21021	375	615
21022	388	596
21023	384	610
21024	366	630
21025	364	626
21026	328	637
21027	383	598
21030	323	627
21031	393	611
21032	392	619
21034	329	626
21805	383	595
21806	391	608
22001	423	647
22002	388	642
22004	421	637
22006	425	671
22007	418	665
22008	393	643
22009	406	649
22801	409	679
23001	404	689
23002	404	699
23003	390	676
23004	386	686
23005	378	664
23006	368	689
23007	416	693
23008	387	667
23009	372	705
23010	380	662
23011	365	656
23013	379	693
23014	363	657
23015	393	677
23016	426	683
23017	426	692
23022	372	663
23023	404	689
23033	387	656
24001	426	713
24002	422	721
24003	398	712
24004	411	718
24005	426	711
24006	395	710
24007	417	704
24008	417	719
24009	429	700
24011	385	712
25001	427	737
25002	393	724
25004	429	737
25005	444	738
25006	404	738
25007	428	740
25008	405	734
25009	436	739
25010	426	736
25011	386	719
25012	385	719
25013	441	727
25015	428	725
25018	395	725
25019	459	742
25020	431	726
25021	433	722
25022	393	732
25023	381	721
25025	393	733
25028	399	721
25029	447	740
26002	508	800
26004	516	783
26005	513	783
26008	490	818
26012	479	813
26013	502	795
26802	490	783
26803	502	791
27001	443	798
27002	443	804
27003	454	825
27004	436	829
27005	415	782
27006	439	860
27007	435	783
27008	442	776
27009	456	795
27010	464	757
27011	422	801
27012	398	820
27013	429	855
27014	475	773
27015	471	796
27016	425	851
27017	429	860
27019	403	834
27020	424	845
27021	458	846
27022	443	858
27023	436	844
27024	414	749
27025	444	865
27026	440	877
27027	412	802
27028	429	817
27029	412	829
27030	448	848
27031	418	831
27032	403	785
27034	419	764
27035	402	805
27036	478	780
27038	478	766
27040	445	876
27041	474	792
27042	471	765
27043	410	801
27044	473	803
27048	499	764
27049	469	771
27050	487	743
27052	438	875
27053	423	790
27054	466	761
27055	456	762
27056	480	768
27057	474	767
27059	430	779
27060	451	789
27061	414	834
27062	448	795
27064	455	834
27065	414	835
27066	439	858
27067	436	865
27069	438	766
27070	399	799
27071	443	777
27072	407	810
27073	495	770
27074	423	829
27075	431	760
27076	478	806
27077	416	814
27079	440	826
27080	439	822
27081	436	822
27083	461	797
27084	402	806
27085	443	774
27086	431	780
27087	483	773
27088	401	824
27089	449	807
27090	422	751
27091	440	798
27092	487	742
27095	481	765
27096	399	785
27835	425	830
27841	474	792
27858	481	778
27861	478	806
28001	421	865
28002	412	932
28003	417	959
28004	421	958
28005	418	940
28006	400	926
28007	444	921
28008	412	910
28009	462	911
28010	436	913
28011	431	891
28012	413	933
28014	398	929
28015	471	861
28016	464	861
28018	423	921
28019	423	930
28020	411	911
28021	444	918
28022	481	891
28023	419	881
28024	463	938
28025	433	951
28026	428	948
28027	449	915
28028	461	940
28029	451	923
28030	447	933
28031	414	900
28032	456	883
28033	406	883
28035	456	912
28036	470	875
28037	421	868
28038	411	890
28039	407	967
28040	390	904
28041	409	900
28043	426	881
28044	458	879
28045	468	878
28046	416	899
28047	462	863
28048	438	898
28049	457	871
28050	466	849
28052	389	923
28053	392	936
28054	457	952
28055	433	906
28056	459	938
28058	419	904
28059	456	887
28060	465	902
28061	399	898
28066	418	963
28067	444	918
28068	424	886
28070	426	870
28072	472	896
28073	418	860
28074	450	924
28075	417	855
28079	388	921
28080	421	958
28082	454	953
28083	389	915
28084	404	958
28085	436	913
28086	459	953
28087	407	959
28091	463	863
28093	457	932
28094	422	963
28095	420	946
28101	398	958
28109	379	920
28112	409	908
28113	446	896
28115	457	887
28116	467	880
28117	433	895
28118	465	880
28871	449	915
28872	456	912
28873	468	878
29001	525	849
29002	542	872
29003	534	863
29005	504	860
29009	503	863
30001	484	904
30002	507	874
30003	525	888
30004	540	883
30005	493	918
30011	525	870
30012	513	877
30013	504	881
30014	512	919
30015	493	921
30017	493	927
30018	494	907
30033	493	896
30803	532	887
30811	525	888
30812	493	918
30813	493	918
31001	487	957
31004	509	943
31005	497	950
31006	503	940
31007	495	951
31008	507	933
31009	509	939
31010	496	948
31011	499	924
31013	504	923
31014	504	930
31015	485	947
31016	496	941
31017	476	958
31018	476	960
31020	494	949
31021	481	959
31022	475	964
31025	487	945
31027	512	930
31028	495	943
31804	509	943
31810	511	936
31811	512	940
31812	509	943
31813	509	943
31814	509	943
32001	517	953
32003	500	970
32004	490	979
32006	472	991
32007	475	989
32008	464	989
32009	498	954
32010	508	951
32012	475	993
32013	488	987
32018	486	968
32019	488	974
32020	509	950
32023	488	988
32024	502	959
32026	474	979
32027	513	956
32029	466	990
32031	473	993
32804	490	979
32810	472	991
32811	472	991
32812	475	989
32813	475	989
32814	476	991
33001	537	979
33002	505	1001
33003	551	986
33004	566	975
33005	473	1016
33006	578	954
33007	574	938
33008	587	967
33009	495	994
33011	590	970
33012	515	986
33013	590	972
33014	577	978
33015	489	1011
33016	545	992
33017	532	979
33018	473	1003
33019	589	967
33020	522	979
33021	542	999
33022	516	1000
33024	547	1000
33025	571	925
33026	522	984
33027	533	1003
33028	514	1011
33029	573	949
33030	494	1024
33031	490	1010
33032	568	912
33033	519	1014
33034	586	966
33035	559	951
33037	488	1006
33039	516	997
33044	597	965
33045	603	963
33046	601	957
33048	594	960
33049	585	955
33050	564	980
33051	551	1008
33053	549	999
33054	570	925
33055	552	1000
33056	553	989
33057	492	1027
33058	489	1018
33059	574	977
33060	520	953
33063	596	970
33064	536	1004
33065	519	1022
33066	559	1005
33067	561	980
33070	585	984
33372	539	996
33809	528	968
33810	488	1006
34001	619	943
34002	623	951
34003	619	921
34004	617	937
34005	617	939
34006	623	970
34007	617	974
34008	634	924
34010	617	972
34011	592	921
34012	585	908
34013	637	959
34014	602	931
34016	605	910
34018	595	910
34019	627	931
34020	593	915
34021	631	914
34022	637	959
34214	602	931
34811	602	931
34812	637	959
34813	637	959
35001	616	1007
35002	633	997
35003	636	990
35004	636	992
35009	642	973
35010	613	1003
35011	615	1008
35013	640	974
35014	627	1008
35823	647	972
35825	610	993
36001	605	1016
36002	585	1003
36003	598	1012
36004	588	1005
36005	603	1008
36006	602	1016
36007	585	1009
36008	584	1004
36009	592	998
36010	569	1009
36011	570	1006
36012	571	1006
36013	603	1014
36015	590	1014
36016	620	1022
37001	542	1063
37002	579	1041
37003	579	1040
37004	584	1041
37005	598	1025
37006	570	1043
37007	569	1044
37008	571	1042
37009	582	1035
37010	585	1035
37011	563	1027
37012	577	1013
37013	576	1045
37014	557	1046
37015	555	1047
37016	567	1019
37017	580	1026
37018	556	1064
37019	552	1064
37020	567	1030
37021	599	1030
37022	618	1029
37023	544	1055
37024	586	1021
37025	583	1023
37026	608	1030
37027	607	1030
37028	611	1031
37030	617	1029
37031	575	1057
37033	587	1061
37034	561	1070
37036	565	1015
37038	567	1051
37039	584	1041
37816	584	1041
38001	540	1041
38002	540	1036
38003	528	1037
38004	537	1033
38005	539	1036
38006	534	1036
38007	543	1040
38011	523	1034
38012	528	1029
38013	512	1032
38014	535	1057
38017	518	1029
38018	530	1041
38020	539	1050
38021	536	1052
38023	536	1061
38024	537	1051
38026	551	1038
38028	552	1026
38029	540	1025
38030	532	1037
38031	540	1040
38032	537	1064
38033	512	1032
38815	543	1040
38818	540	1040
39001	518	1081
39002	458	1056
39003	527	1081
39004	531	1085
39005	522	1079
39006	441	1048
39007	474	1086
39008	445	1043
39009	491	1070
39010	506	1063
39011	488	1107
39012	519	1082
39013	513	1051
39014	516	1048
39015	474	1098
39016	465	1080
39017	469	1029
39018	448	1054
39019	447	1082
39020	412	1044
39021	449	1032
39022	472	1086
39023	491	1063
39024	529	1110
39025	458	1085
39026	446	1009
39027	464	1075
39028	433	1082
39029	501	1103
39030	509	1055
39031	441	1077
39032	439	1075
39033	446	1080
39034	445	1040
39035	407	1054
39036	505	1104
39037	418	1082
39038	467	1045
39039	485	1057
39040	409	1056
39042	424	1050
39043	430	1079
39044	476	1091
39046	451	1056
39049	522	1062
39051	449	1016
39052	486	1080
39053	528	1107
39054	526	1112
39056	538	1077
39057	511	1072
39058	537	1078
39065	466	1060
39068	519	1100
39069	527	1105
39071	401	1053
39072	498	1072
39073	403	1047
39074	410	1054
39076	430	1039
39077	420	1080
39078	483	1105
39079	507	1087
39081	448	1054
39082	529	1080
39084	524	1062
39085	527	1081
39086	529	1109
39087	412	1058
39088	507	1055
39089	506	1044
39090	422	1054
39091	498	1054
39092	525	1060
39093	521	1065
39094	515	1077
39095	540	1075
39096	519	1064
39097	423	1052
39098	507	1067
39099	408	1049
39100	399	1058
39101	429	1078
39102	504	1063
39103	447	1083
39104	515	1083
39105	462	1046
39106	517	1094
39107	523	1088
39109	409	1038
39110	416	1048
39111	504	1079
39114	454	1077
39115	455	1080
39117	502	1077
39118	471	1111
39119	472	1111
39120	473	1112
39121	509	1084
39122	501	1105
39123	489	1096
39125	511	1038
39126	510	1039
39127	493	1052
39128	506	1086
39129	444	1045
39130	471	1076
39131	516	1068
39132	532	1085
39134	542	1082
39135	542	1079
39137	509	1065
39138	479	1074
39139	453	1044
39140	454	1037
39141	500	1102
39142	416	1030
39143	419	1031
39144	447	1014
39145	512	1066
39148	491	1068
39809	484	1036
39850	490	1064
40001	541	1116
40002	572	1130
40003	572	1097
40004	578	1126
40005	576	1103
40006	564	1101
40007	552	1110
40008	605	1104
40009	572	1112
40010	552	1107
40011	611	1095
40012	556	1079
40013	553	1092
40014	628	1093
40015	606	1089
40016	552	1076
40017	569	1126
40018	553	1086
40020	553	1114
40021	581	1121
40022	599	1108
40023	603	1110
40025	581	1133
40026	589	1125
40027	617	1088
40029	577	1095
40032	568	1124
40033	630	1107
40803	552	1110
40820	575	1096
40822	551	1105
41001	567	1138
41002	569	1136
41003	554	1144
41004	543	1136
41005	543	1128
41006	546	1131
41008	501	1132
41009	504	1133
41010	518	1130
41011	485	1128
41012	523	1131
41013	567	1137
41014	504	1129
41015	476	1143
41016	562	1135
41018	505	1125
41019	512	1118
41020	543	1134
41022	494	1127
41023	487	1143
41025	506	1119
41026	538	1125
41027	478	1123
41028	523	1134
41029	558	1137
41030	533	1122
41032	502	1132
41034	479	1140
41035	514	1118
41036	569	1138
41037	540	1141
41038	544	1135
42001	459	1143
42003	433	1149
42004	436	1131
42005	432	1118
42006	460	1136
42007	459	1117
42009	457	1118
42011	453	1135
42012	438	1111
42013	436	1132
42014	433	1132
42015	451	1111
42016	451	1118
42018	445	1132
42020	438	1128
42021	436	1134
42022	436	1135
42023	445	1135
42024	440	1110
42025	473	1143
42026	434	1120
42027	444	1108
42811	459	1117
43001	415	1145
43003	417	1135
43004	416	1119
43005	415	1109
43006	410	1120
43007	411	1153
43008	409	1115
43009	382	1135
43010	402	1141
43011	416	1124
43012	391	1107
43014	414	1093
43015	387	1109
43018	402	1150
43021	416	1155
43022	413	1154
43023	416	1124
43024	398	1111
43025	418	1141
43801	398	1110
43806	386	1113
43810	417	1135
43811	417	1135
44001	387	1164
44002	391	1163
44003	348	1158
44004	371	1160
44006	364	1150
44008	363	1160
44011	348	1158
44012	371	1151
44013	372	1154
44014	382	1157
44801	354	1150
44810	387	1164
44811	387	1164
44812	371	1160
44813	371	1160
45001	294	1149
45002	295	1132
45003	302	1146
45004	327	1155
45005	309	1162
45007	293	1159
45008	313	1151
45009	294	1124
45011	293	1125
45012	291	1154
45013	309	1153
46002	285	1176
46003	276	1185
46005	266	1173
46006	265	1196
46007	264	1177
46008	273	1202
46009	282	1203
46013	281	1172
46014	286	1171
46802	264	1179
46812	282	1187
47001	243	1178
47002	235	1161
47003	248	1184
47004	237	1188
47005	234	1164
47006	239	1166
47007	259	1199
47008	240	1165
47009	235	1191
47010	229	1151
47011	253	1189
47013	224	1174
47014	252	1181
47015	248	1182
47016	246	1177
47017	243	1160
47018	242	1164
47019	237	1166
47020	237	1173
47021	233	1165
47023	228	1144
47024	250	1176
47025	246	1156
48002	210	1188
48003	193	1205
48004	216	1182
48005	182	1205
48006	166	1223
48007	176	1212
48008	201	1201
48009	219	1183
48010	230	1191
48011	210	1187
48801	168	1219
48811	218	1179
48812	218	1179
49001	202	1182
49002	156	1217
49003	214	1174
50001	261	1126
50002	249	1132
50003	263	1157
50005	256	1160
50006	267	1129
50007	267	1145
50008	253	1149
50010	251	1144
50011	259	1148
50012	279	1124
50013	268	1110
50014	261	1115
51001	309	1108
51003	304	1112
52002	356	1139
52003	321	1125
52004	337	1132
52005	321	1126
52006	359	1133
52007	347	1136
52009	351	1107
52010	359	1119
52011	349	1121
52014	309	1130
52015	349	1079
52016	322	1112
52017	347	1088
52020	358	1141
52025	312	1124
52026	368	1110
52813	321	1126
52814	342	1123
52815	329	1125
53001	391	1087
53002	391	1090
53003	375	1085
53004	364	1086
53005	377	1089
53006	365	1072
53007	381	1095
53008	397	1067
53009	374	1093
53013	395	1077
53017	369	1080
53018	379	1083
53019	396	1063
53020	394	1066
53022	373	1086
53023	389	1063
53024	392	1061
53025	376	1101
53026	367	1068
53028	383	1082
53029	386	1093
53030	390	1058
54001	379	975
54002	405	1006
54003	303	931
54004	434	977
54005	342	936
54006	384	973
54007	409	996
54008	359	983
54010	422	1001
54011	387	988
54012	360	938
54013	295	965
54014	317	954
54015	393	1004
54016	360	935
54017	378	1026
54018	347	941
54019	435	978
54020	344	931
54023	407	1005
54024	374	955
54025	295	968
54026	390	1025
54027	384	1046
54028	325	930
54029	373	994
54032	386	1012
54034	377	974
54036	403	1010
54038	326	928
54040	368	930
54041	365	926
54042	292	964
54043	386	1012
54044	364	919
54045	335	920
54046	379	945
54047	340	928
54048	428	995
54049	432	985
54050	440	981
54051	292	964
54052	363	918
54053	352	975
54054	346	971
54055	367	978
54056	340	971
54057	385	1023
54059	366	928
54060	364	928
54061	362	922
54063	388	964
54065	357	926
54066	362	927
54067	386	959
54068	339	920
54080	300	965
54081	292	964
54085	362	1039
54088	369	1053
54089	392	1014
54094	365	933
54095	366	946
54096	387	986
54098	376	1047
54099	379	932
54100	375	926
54101	351	943
54102	457	973
54103	451	970
54106	427	1011
54107	408	986
54108	415	989
54109	374	1016
54110	387	1021
54111	451	974
54112	448	982
54113	441	988
54114	430	985
54115	396	1003
54116	392	1048
54813	372	1057
54818	347	917
54819	353	922
54881	378	973
54887	341	977
54906	384	973
54907	409	996
55001	354	1041
55002	348	1011
55003	354	1009
55004	289	1004
55005	297	982
55006	293	986
55007	308	1005
55008	283	966
55009	342	1025
55010	285	968
55011	311	981
55012	300	1000
55013	332	993
55014	337	986
55015	327	1020
55016	303	993
55017	299	997
55018	361	1008
55019	353	1026
55020	346	990
55021	351	991
55022	350	1040
55023	352	1039
55025	317	1014
55026	297	982
55027	365	1025
55028	367	1002
55029	342	1025
55030	292	988
55031	349	1009
55032	293	986
55036	357	1031
56001	336	1044
56002	326	1061
56003	305	1020
56004	313	1030
56005	333	1058
56006	295	1021
56007	293	1026
56008	339	1061
56010	337	1047
56011	322	1059
56012	325	1033
56013	301	1020
56015	340	1049
56016	311	1030
56019	321	1049
57001	306	1039
57002	302	1039
57003	314	1068
57004	308	1055
57005	308	1061
57006	305	1059
57007	310	1055
57008	323	1068
57009	312	1074
57010	304	1067
57014	316	1051
57015	304	1043
57016	306	1039
57803	306	1068
58001	290	1071
58002	282	1048
58003	293	1072
58004	280	1057
58005	291	1066
58006	293	1041
58007	290	1064
58008	278	1049
58009	293	1072
58010	298	1036
58011	302	1079
58012	278	1059
59001	269	1050
59002	263	1037
60001	249	1030
60003	224	1034
60004	230	1032
60006	243	1028
60007	277	1015
60008	279	1003
60009	272	1025
60010	248	1029
60012	265	1006
60013	255	1020
60015	247	1036
60016	267	1026
60802	249	1030
61001	195	1032
61002	208	1034
61003	202	1016
61004	195	1032
62001	225	1009
62002	245	1010
63001	259	972
63002	262	970
63004	280	977
64001	276	949
64002	264	943
64003	273	927
64004	283	946
64005	274	933
64006	264	962
64010	274	923
65001	260	902
65002	268	909
65004	248	891
65006	251	888
65007	250	908
65008	262	893
65014	259	899
65015	245	898
65801	262	893
66001	308	880
66002	302	880
66003	296	881
66004	312	879
66005	313	891
66006	296	879
66008	292	891
66011	281	893
66012	279	897
66025	305	875
67001	294	915
67002	336	909
67003	298	896
67005	330	913
67006	304	907
67007	317	907
67008	334	897
67009	320	884
67012	284	911
67013	295	916
67014	308	907
67015	335	909
67016	342	904
67017	288	910
67018	288	919
67019	293	914
67020	342	885
67021	345	892
67023	348	891
67025	340	902
67026	343	889
67027	342	891
67028	304	914
67029	307	910
67033	342	885
68001	367	887
68002	345	879
68003	367	879
68004	368	895
68005	366	908
68006	384	885
68007	371	875
68008	366	897
68010	328	862
68011	370	870
68012	372	883
68015	350	888
68018	387	887
68019	359	874
68020	345	879
68044	394	887
68804	367	877
69001	374	857
69002	383	851
69003	385	851
69004	403	853
69005	369	856
69006	373	863
69007	379	857
69008	386	867
69009	396	861
69011	386	862
69012	385	869
69013	374	860
69015	398	859
69016	401	855
69017	397	861
69018	360	856
69020	386	853
69022	380	830
69023	382	842
69024	375	844
69025	383	851
69026	376	845
69027	391	858
69028	390	860
69030	359	858
69031	346	863
69032	340	852
69033	337	849
69035	380	839
69037	364	862
69039	387	852
69040	379	831
69041	394	854
69043	385	851
69044	381	838
69045	373	863
69046	374	837
69047	395	833
69048	400	844
69803	389	837
70001	364	838
70002	348	838
70003	359	843
70004	350	832
70005	351	831
70006	348	841
71001	360	819
71002	373	795
71003	371	795
71004	374	815
71005	375	794
71006	373	810
71007	372	812
71008	371	810
71009	371	813
71010	385	814
71011	383	794
71013	369	825
71014	356	823
71015	366	798
71802	385	795
71803	369	808
71804	366	798
72001	351	786
72002	347	809
72003	361	783
72004	353	786
72005	363	759
72006	362	774
72007	353	809
72008	350	805
72009	362	780
72010	362	745
72011	364	759
72012	365	779
72013	361	749
72014	348	796
72015	362	747
72016	351	799
72803	351	786
72804	363	759
72807	359	782
72811	350	810
72814	353	807
72817	351	814
72818	349	813
73001	338	764
73002	330	762
73003	351	754
73005	351	764
73006	337	756
73008	351	771
73009	352	754
73010	337	764
73011	353	756
73012	352	757
73013	338	746
73014	337	747
73015	354	778
73017	350	754
73802	334	762
73803	343	762
73805	352	759
74001	320	762
74002	314	747
74003	309	735
74005	301	743
74006	304	746
74007	315	752
74008	321	756
74802	315	747
75001	331	732
75002	305	720
75003	321	718
75004	314	723
75005	326	727
75006	324	727
75007	333	725
75009	330	726
75014	325	737
75016	315	729
75017	310	712
75801	315	730
75802	328	737
76001	351	735
76002	347	695
76003	357	721
76004	353	723
76005	361	723
76007	339	694
76008	349	693
76009	338	704
76010	342	696
76012	364	684
76014	378	742
76015	347	726
76017	347	696
76018	340	735
76019	339	706
76806	378	737
76809	340	698
76811	346	724
77001	340	678
77002	340	675
77003	342	674
77004	329	681
77005	343	684
78001	314	676
78002	308	665
78003	320	680
78004	308	663
78005	309	665
78006	310	649
79001	263	645
79002	293	666
79003	269	638
79004	285	656
79005	292	670
79006	286	651
79007	303	680
80001	283	690
80002	274	686
81002	242	684
81003	219	690
81004	238	696
81005	210	694
81006	237	675
81007	259	690
82001	222	651
82002	235	634
82003	211	667
83002	230	601
83003	253	624
83004	251	628
83005	235	613
83006	236	629
83007	233	608
83008	236	611
83009	231	607
83010	254	613
83011	267	625
83013	244	613
84001	257	579
84002	231	586
84003	285	606
84004	293	607
84005	272	593
84006	268	575
84007	276	592
84008	268	591
84009	282	608
84011	241	585
84012	251	588
84013	268	589
84014	276	600
84016	274	578
84017	242	588
84018	290	611
84019	270	587
84020	266	574
84021	259	591
84022	293	625
84023	269	579
84024	284	583
84025	267	577
84026	256	576
84027	276	587
84028	276	587
84029	277	603
84030	259	592
84033	258	589
84035	261	594
84036	256	596
84037	286	617
85001	240	571
85002	248	563
85003	233	531
85004	236	557
86001	214	569
86002	215	566
88001	180	612
89002	227	508
89003	225	518
89004	216	520
89005	221	523
89006	198	536
90002	203	503
90003	212	476
91002	216	469
91802	226	472
92001	167	480
92002	181	481
92003	183	488
92004	170	502
92803	181	481
93001	195	408
93002	195	419
94001	187	371
94002	187	371
94003	183	378
95001	215	325
95002	219	367
95003	217	348
95004	223	340
95005	225	304
95006	216	355
96001	289	294
96002	272	294
96003	284	286
96004	246	308
96005	236	291
96006	267	293
96007	248	289
97002	313	291
101001	459	1165
101002	451	1163
101003	449	1162
101004	460	1165
102001	243	873
105001	142	401
106001	141	318
106003	78	416
